((("Output" .
   [0 0 0 1 0 0])
  ("box" .
   [1 0 0])
  ("Node" .
   [1 0 0 0])
  ("mem" .
   [1 0 0])
  ("len" .
   [1 0 0])
  ("Self" .
   [2 0 0 0])
  ("fn" .
   [1 0])
  ("impl" .
   [1 0 0 0])
  ("Unique" .
   [1 0 0 1 0 0])
  ("struct" .
   [1 0 0 0 0 0])
  ("pub" .
   [1 0 0])
  ("index" .
   [1 0 0 0 0])
  ("arr" .
   [1 0 0])
  ("idx" .
   [2 0 0])
  ("prelude" .
   [2 0 0 0 0 0 0])
  ("message_instance" .
   [0 0 0 0 0 0 0 0 1 0 0 0 0 0 0 0])
  ("clone" .
   [1 0 0 0 0])
  ("date" .
   [7 0 0 0])
  ("garai" .
   [0 0 1 0 0])
  ("foo" .
   [2 0 0])
  ("Thunk" .
   [0 0 1 0 0])
  ("Plug" .
   [1 0 0 0])
  ("undefined" .
   [0 0 1 0 0 0 0 0 0])
  ("decrypt" .
   [0 0 0 1 0 0 0])
  ("encrypt" .
   [0 0 1 0 0 0 0])
  ("Cryptotext" .
   [0 0 1 1 0 0 0 0 0 0])
  ("Plaintext" .
   [0 0 3 0 0 0 0 0 0])
  ("Text" .
   [1 0 0 0])
  ("Msg" .
   [5 0 0])
  ("Bool" .
   [0 0 2 0])
  ("LitBool" .
   [0 0 1 0 1 0 0])
  ("LitInt" .
   [0 0 2 1 0 0])
  ("GADTs" .
   [0 0 0 0 1])
  ("Exp" .
   [9 0 0])
  ("get" .
   [4 0 0])
  ("Nothing" .
   [0 0 2 0 0 0 0])
  ("revUni" .
   [0 0 2 0 0 0])
  ("xauto" .
   [0 0 1 0 0])
  ("RankNTypes" .
   [0 0 0 1 0 0 0 0 0 0])
  ("auto" .
   [1 0 0 0])
  ("True" .
   [0 0 1 0])
  ("forall" .
   [11 0 0 7 1 0])
  ("lista" .
   [1 0 0 0 0])
  ("apply" .
   [2 0 0 2 0])
  ("return" .
   [0 0 0 0 1 0])
  ("rank1" .
   [0 0 0 1 0])
  ("rank2" .
   [0 0 0 1 0])
  ("escape" .
   [0 0 1 1 0 0])
  ("LANGUAGE" .
   [0 0 2 1 0 0 0 0])
  ("Box" .
   [11 0 2])
  ("boxa" .
   [1 0 0 0])
  ("boxb" .
   [1 0 0 0])
  ("String" .
   [0 0 1 0 1 0])
  ("boxc" .
   [1 0 0 0])
  ("SBox" .
   [4 0 4 1])
  ("Show" .
   [2 0 0 2])
  ("boxes" .
   [2 0 0 0 0])
  ("showBox" .
   [1 0 0 0 0 1 0])
  ("main" .
   [1 0 0 0])
  ("bar" .
   [1 0 0])
  ("runST" .
   [1 0 0 0 0])
  ("true" .
   [3 0 0 0])
  ("let" .
   [20 0 0])
  ("state" .
   [4 0 0 0 0])
  ("input" .
   [2 0 0 0 0])
  ("min" .
   [1 0 0])
  ("max" .
   [2 0 0])
  ("list" .
   [4 0 0 0])
  ("const" .
   [1 0 0 0 0])
  ("false" .
   [2 0 0 0 0])
  ("evaluated_list" .
   [0 0 0 2 0 0 0 0 0 0 0 0 0 0])
  ("List" .
   [7 0 0 0])
  ("Cons" .
   [1 0 0 0])
  ("Term" .
   [18 0 0 1])
  ("eval" .
   [3 0 1 0])
  ("Succ" .
   [2 0 1 0])
  ("IsZero" .
   [0 0 2 0 0 0])
  ("Lit" .
   [2 0 0])
  ("TermTwo" .
   [5 0 0 0 0 1 3])
  ("Vec" .
   [5 0 0])
  ("where" .
   [0 0 0 0 1])
  ("Fix" .
   [2 0 0])
  ("Foo" .
   [16 0 0])
  ("combine" .
   [0 0 0 5 0 0 0])
  ("Void" .
   [1 0 0 0])
  ("Int" .
   [0 0 1])
  ("example1" .
   [0 0 2 1 1 0 0 0])
  ("example2" .
   [0 0 1 0 0 0 0 0])
  ("example3" .
   [0 0 1 0 0 0 0 0])
  ("example4" .
   [0 0 1 0 0 0 0 0])
  ("import" .
   [0 0 0 0 2 0])
  ("Data" .
   [0 0 0 1])
  ("use" .
   [10 0 0])
  ("std" .
   [7 0 0])
  ("Arc" .
   [3 0 0])
  ("mpsc" .
   [0 0 0 1])
  ("channel" .
   [0 0 0 0 0 1 0])
  ("init" .
   [3 0 0 0])
  ("sync" .
   [1 0 0 0])
  ("receiver" .
   [0 0 0 2 1 0 0 0])
  ("sender" .
   [5 0 0 0 0 0])
  ("send" .
   [0 0 0 1])
  ("sender_n" .
   [3 0 0 0 0 0 0 0])
  ("handle" .
   [1 0 0 0 0 0])
  ("unwrap" .
   [1 0 0 0 0 0])
  ("expr" .
   [0 0 1 0])
  ("map" .
   [1 0 0])
  ("HashMap" .
   [0 0 0 0 2 0 0])
  ("hashmap" .
   [0 0 1 0 0 0 0])
  ("$value" .
   [0 0 0 0 1 0])
  ("dict" .
   [0 0 0 1])
  ("test" .
   [1 0 0 0])
  ("Hello" .
   [0 0 1 0 0])
  ("hello_world" .
   [0 0 1 0 0 0 0 0 0 0 0])
  ("block_on" .
   [0 0 1 3 0 0 0 1])
  ("future" .
   [0 0 2 0 0 0])
  ("println" .
   [3 0 0 1 0 0 0])
  ("async" .
   [5 0 0 0 0])
  ("Song" .
   [3 0 0 0])
  ("name" .
   [2 0 0 0])
  ("qualit" .
   [0 0 0 1 0 0])
  ("song" .
   [5 0 0 0])
  ("learn_song" .
   [0 0 0 3 0 0 0 0 0 0])
  ("sing_song" .
   [0 0 0 0 1 1 0 0 0])
  ("dance" .
   [1 0 0 1 0])
  ("await" .
   [2 0 0 1 0])
  ("learn_and_sing" .
   [0 0 0 0 0 0 0 1 0 0 0 0 0 0])
  ("futures" .
   [1 0 0 0 0 0 0])
  ("async_main" .
   [0 0 1 0 0 0 0 0 0 0])
  ("Duration" .
   [0 0 1 1 0 0 0 0])
  ("thread" .
   [1 0 1 0 0 0])
  ("count" .
   [2 0 0 0 0])
  ("chat" .
   [1 0 0 0])
  ("mut" .
   [2 0 0])
  ("chat_count" .
   [0 0 0 0 1 0 0 0 0 0])
  ("match" .
   [2 0 0 0 0])
  ("Err" .
   [1 0 0])
  ("updated_content" .
   [0 0 1 0 0 0 0 0 0 0 0 0 0 0 0])
  ("i32" .
   [1 0 0])
  ("update" .
   [1 0 0 0 0 0])
  ("message" .
   [2 0 0 0 1 0 0])
  ("new" .
   [5 0 0])
  ("from" .
   [1 0 0 0])
  ("naive" .
   [1 0 0 0 0])
  ("datetime" .
   [0 0 0 0 0 1 0 0])
  ("format" .
   [1 0 0 0 0 0])
  ("newdate" .
   [0 0 0 0 1 0 0])
  ("DateTime" .
   [1 0 0 1 0 0 0 0])
  ("UpdateKind" .
   [0 0 0 1 0 0 0 0 0 0])
  ("MessageKind" .
   [0 0 0 0 1 0 0 0 0 0 0])
  ("Error" .
   [1 0 0 0 0])
  ("NaiveDateTime" .
   [0 0 0 1 0 0 0 0 0 0 0 0 0])
  ("Utc" .
   [1 0 0])
  ("Lines" .
   [1 0 0 0 0])
  ("env" .
   [1 0 0])
  ("token" .
   [1 0 0 0 0])
  ("ptr" .
   [6 0 0])
  ("usize" .
   [1 0 1 0 0])
  ("self" .
   [6 0 0 0])
  ("length" .
   [1 0 0 1 1 0])
  ("capacity" .
   [0 0 0 2 0 0 1 0])))
